0 32 20 21 22 23 24 25 26 27
1
2 34 35 36 37 38 39 40
3 44 45 46 47 48 49 50 51 52
4 64 65 66 67 68 69 70 71 58
5 72 73 74 75 76 77 78
6 66 72 75 82 83 84 85 86 87
7 96 97 98 99 100 101 102
8 104 105 106 107 44 108 109 110 111
9 79 115 116
10 96 100 43 118 119 120 121 122
11 128 129 130 131 132 133 134 135 136 137 74
12 138 139 140 141 142 143 144 145 146 147 148
13 160 161 162 163 164 165 166 53 154
14 131 167 168 169 170 171 172 173 174 175 176 177 178
15 133 137 78 79 184
16 192 193 194 36 52 188
17 195 196 36 197 198
18 130 132 135 74 202 203 204 205 79
19 102 208 209 210 211 212 213 214 215 216
20 224 225 34 226 36 227 228 229 109
21 230 231 232 233 74 234
22 130 135 72 73 74 75 237 238 79
23 3 240 241 242 243 244 245 246 247
24 34 40 137 104 80 187 252
25 256 257 258 259 260 261 262 263
26 130 135 266 77
27 133 171 267 268 269 79
28 227 265 13 271 272 273 274 275
29 96 44 210 52 278 279 280
30 288 289 34 290 291 165 40 42 285
31 159 36 292 293 294 295 296
32 298 299
33 199 267 301 302 47 208 303
34 164 306 307 308 309 310 311 312 313
35 119 293
36 320 321 322 323 324 325 6
37 329 330 331 332 333 334 15 335 336 337 338 339
38 346 241 250 347 348
39 96 352 353 354 355 133 41
40 96 196 261 70 356 357 358 359 360 361 46
41 34 36 7 362
42 135 74 171 202 204 363 79 364 81 365 366 367
43 376 134 171 363 79 80 373 374
44 377 74 77 79 115 184 185
45 66 145 381 52 379
46 384 385 386 73 74 78 16
47 387 36 37 293 356 388 105 389 390 391
48 36 325 393 42 394 395
49 325 396 397 398 399 208 400 401
50 98 130 132 72 74 404
51 407 132 133 72 74 237 405 406 87
52 411 412 413 414 415 416 417 418 419 420 421 422 423
53 37 391 105 427 428 109 46
54 96 105 364 46 302 303 431
55 98 232 377 206 79 433 434 435
56 96 448 100 293 446 72 443 438 439 440 441
57 158 33 45 449 450 451 452 197 453 454 455 456 457 458
58 36 165 466 467 468 469 470
59 477 354 74 43 52 24 474 475
60 480 481 36 40
61 482 67 356 484 483 485 486 487 488
62 96 493 494 47 208
63 257 227 260 503 487 496 497 498 275
64 128 130 135 73 77 80 81
65 128 512 513 514 515 516 517 518 519 520 521 155 156 419
66 36 295 392 522 107 523 524 46 525 526 527
67 535 42 241 242 531 532 245 533 534
68 66 98 72 74 80 117 22 185 538
69 544 257 541 545 546 542 331 441 13 275
70 547 548 549 550 551 552 553 554 171 555
71 96 130 133 102 135 171 47 560
72 99 562 563 564 565
73 133 391 40 105 136 107 46 528 567 568 569
74 576 577 578 579 580 581 582 460 119
75 134 583 584 75 76 206
76 199 585 586 587 588 589
77 70 590 591 592 593 594 595 596 597 598 599 600
78 159 607 608 609 610 611 612 613 102 614 615 616 106
79 640 641 642 643 644 645 646 36 44 622 623 624 625 626 627 628 629 630
80 36 325 647 242
81 34 648 649 650 651 652 653 654 655 656
82 96 208 432 657 658 212 213
83 66 132 74 81 115 372 660 661
84 163 453 614 663 511 45 111 48 54 151 664 665
85 96 267 301 46 47 303 671
86 672 673 674
87 275 541 546 164 676 677 678 679 680 681 682 683 684 685
88 98 72 74 80 690 691 692
89 516 105 111 53 695 696
90 700 134 135 74 77 206 118 87 184
91 133 74 399 81 52 87
92 704 705 610 706 707 197 165 708 709 710 711
93 78 16 80 87
94 96 354 708 357 105 45 112
95 354 133 37 70 712
96 96 102 199 713 714 267 78
97 608 67 715 716 717 718
98 96 133 46 720 721 498 275
99 325 391 42 302 78 305 722 723
100 732 196 197 198 519 582 733 460 689 731 727 728
101 736 737 291 102 391 155
102 97 545 738 739 325 740 242
103 7 393 12 34 42 315 325 741 742 743 744 745 746 747
104 105 528 754 755
105 96 66 99 101 759 78 79 760 566
106 768 769 770 100 107 46 528 767 155
107 96 771 772 773 774 775 776 52
108 36 40 105
109 774 778 779 780 781 782 783 784
110 128 795 418 419 794 797 789 790 791 792 601
111 96 257 259 798 499 116 799
112 96 800 801 802
113 289 34 803 804 805 806 807 42 459 588 655
114 96 352 135 808 137 809 270
115 96 134 171 364
116 160 810 811 812 813 814 815 816 817
117 528 24 821 822 823 824 825 826 827 187 703 708 199
118 96 100 133 493 118
119 96 829
120 832 41 79 80 115 831 118
121 833 834 835 836 754
122 837 838 839 840 715 48 114
123 66 72 104 137 377 841 237 842 79
124 66 131 132 75 237 372 373 87
125 855 843 844 845 846 847 848 849 850 851 852
126 130 131 376 261 134 135 74 206 79
127 130 135 75 171 364 206 79 81 118
128 98 261 135 73 77 79 373 374
129 0 98 4 446 72 13 237 334 254 857 185
130 98 132 133 74 79 80 115
131 864 472 399 22 863
132 96 870 871 872 873 874 427 242
133 516 293 105 875 876 877 46 878 48
134 450 36 879 880
135 161 257 227 617 686 887 882 307 883 277 884 885
136 896 895 90 892
137 897 898 899 77 80
138 832 900 389 137 777 75 76
139 98 135 75 759 79 373
140 133 134 901 902 74 237 79
141 903 904 905 906 907 908 909 910 911 912 913 914 157
142 772 109 915 118
143 66 171 79 916 917
144 134 41 45 80 560 917
145 772 102 78 46 79 206 52 919
146 928 929 930 35 293 104 42 43 655 926 756 54
147 931 102 7 8 871 302 47 17
148 932 933 934 935 936 937 938 939 940 941
149 36 37 133 391 109
150 36 805 947 948
151 832 954 98 900 955 953 137 75 206 79 238 373
152 96 352 66 385 72 137 74 43 268 237 81
153 835 100 870 968 969 970 971 972 973
154 900 134 79 976 721 977
155 674 232 988 979 980 981 982 983 984
156 34 42 45 495 990 154
157 997 998 999 1000 44 527 879
158 513 516 517 159 163 422 187 196 708 1003 1004 1005 1006 111
159 481 199 393 654 401 242
160 708 133 102 199 136 46 111 52 55
161 608 36 356 357 199 72 105 361 107 46 1015
162 36 102 105 109 46 302
163 41 45 52 1017
164 674 66 473
165 196 105 107 878 111 16 498
166 289 34 930 100 36 42 362 109 654 657 1021
167 1024 289 740 996 774 42 395 941 655 879 945
168 96 1025 1026 808 528
169 928 1027 35 197 1028 1029 1030 1031
170 476 60
171 548 1035 1036 1037 1038 1039 1040 1041
172 354 36 145 883 52 277 1045 1046
173 34 36 104 883 1049 24 1048
174 1056 257 1057 1058 1059 1060 650 271 1053 118
175 96 1025 376 772 102 1061 841 714
176 257 34 483 36 1057 1062 879
177 96 1063 712 109 989 210 118
178 1064 1065 1066 1067 1068 1069 1070
179 37 332 1072 1073 1074 20 245
180 1075 35
181 131 36 357 1082 137 852 1078 1079 24
182 36 456 462 1039 1087 22 854 56
183 1088 1089 1090 1091 36 388 105
184 1092 133 293 1093 105 523 109 110 46
185 770 325 776 1096 1097 1098 1099 46 210
186 36 357 1105 1106 1107 1108 55
187 555 300 1109 1110 1111 1112 1113
188 740 1115 505 242 217 219 1116
189 1120 1121 1122 1123 776 303 208
190 1124 1125 1126 1127 1128 1129 1130 1131 1132 1133
191 97 577 770 199 1100 47 303 1136
192 46 1138 1139 1140 863 474 187
193 382 72 906 302 378 305 1141 1142 1143
194 1152 545 3 325 7 393 395 12 1146
195 96 1153 1154 133 74 75 171 79 47 81
196 192 1155 1156 52
197 129 4 1157 392 41 44 13 528
198 1158 1159 1160 1161 1162 1163 1164 1165 1166 1167 532 535 536
199 96 36 581 70 102 46 52 119
200 897 171 87 1016
201 1168 1169 1170 1171
202 359 295 231 957 80 498 275 1174 1175 1176
203 932 1094 53
204 224 771 36 427
205 96 772 41 714 575 78 79 114 754
206 1183 1092 105 109 46 55 154
207 832 1188 75 237 79 951
208 608 257 498 883
209 800 581 1189 395
210 376 134 135 74 79 87
211 98 99 101 1190 135 759 761 566 87
212 196 1191 1192 297 1193 1194
213 128 802 325 968 1195 1196 77 1197 47
214 267 78 1198 1199
215 98 132 135 72 77 80 81
216 73 74 77 81 1202 1203 692
217 96 267 1208 55 376 1207 698
218 96 67 1209 74 107 426 601
219 1216 289 34 1215 36 1217 806 7 42 655
220 386 1218 1219 389 136 45 52
221 354 36 105 109 46 111 53
222 450 1220 1221 1222 1223
223 98 80 404
224 34 3 1225 42 1226 1227 109
225 73 74 75 202 77 1228 1229
226 131 483 72 104 137 237 957 117
227 1153 133 105 46 47 1230 1231 52 125
228 808 1040 1238 1239 1240 1241
229 98 131 135 72 73 263 78 79 919 81 274
230 96 802 772 902 776 808 714 79 47 303
231 1248 1249 1247 1250 36 1251 936 42 362
232 1252 325 1253 1254 1255 105
233 832 385 98 131 132 1218 137 361 1257
234 859 134 104 74 171 364 237 1259 1260 52 918
235 102 1261 1262 1263 210 1172
236 482 707 486 582 460 1264 465 1265 52
237 41 75 1259 45 1260 80 1200 1266
238 0 4 8 10 13 15 17 307 329 330 331 332 333 971 336 337 343 344
239 133 73 74 206 79 919 915 437 87
240 1280 673 130 897 558 176 438 1278 442
241 96 1281 1282 1283 102 136 906 1098
242 450 1220 1029 1284 1285 1286 1287 1288 1289 1290 1291
243 96 257 544 1057 1293 1294 879 442 499
244 192 261 38 1093 1295
245 1283 165 102 776 1297 1012
246 353 354 355 385 37 133 41 1298
247 130 137 377 110 78 79 115
248 740 805 1299 1300
249 96 738 36 41 659 1303
250 770 107 1304
251 135 73 171 363 206 79 1201
252 96 128 802 1312 1313 1030 589 302 406
253 66 1314 1315 1316 1317
254 257 1318 109 13
255 35 197 6 7 934 1319 1320 11 331 13 14
256 96 98 1322 1323 399
257 1261 302 303 398 212 1172
258 36 358 1324 1325 110 1326 1327 1328 275
259 96 805 241 1329 1330
260 673 34 1249 228 36 362 109
261 483 261 844 1338 80 20 21 854 1335
262 1342 1063 531 756 119 1340
263 96 133 134 102 998
264 66 98 133 74 77 399 115
265 1345 1346 1347 36 1348 102 1349 1350 1351
266 96 36 133 102 136 105 107 235 78 46
267 1057 1352 361 1353
268 377 1355 1356 1357 1358 79 1359 1360 1361
269 34 36 362
270 102 681 1363 1364
271 200 52 1333 406 1367 1368 1369 1370 1371
272 36 392 941 241 242
273 1376 1377 1378 1379 1380
274 223 163 453 1253 615 1384 1385 1386 1387 1388 141 1389
275 78 46 47 1391 1392 1393 1140 1394 1395
276 133 391 41 105 1259 46 399 1397 1398
277 1253 43 1397 1401 1402
278 194 171 235 528 469 863
279 66 131 1315 135 73 1258
280 36 325 102 138 1103 788
281 354 483 36 37 1315 136 109 878 1405 277
282 96 98 133 135 74 75 80
283 96 1408 227 1001 332 13
284 200 1234 21
285 36 1224 210 242
286 128 1409 130 1410 1411 1412 1413 135 72 137 361
287 1218 838 1415 1416 1417 1418 235
288 99 1316 1419 1420 1421 78 1199
289 4 5 806 7 1029 333 1422 15
290 1185 1122 1186 41 1423 1424 52
291 96 105 1259 46 47 80 52
292 96 545 738 771 1184 46 655 1425 1426
293 1431 36 556 947 52 949 1429 1430
294 128 356 136 235 267 979
295 1131 46 1262 210 826
296 902 8 147 21 22 1439 1440 1441 1442 1443 1444 681 939 307
297 1445 325 1446 1447
298 128 1344 136 137 1448 1449 1450 77 206 1451
299 928 289 1216 36 1445 42 747 1453 1454
300 0 5 6 331 460 1422 1455 1456
301 96 134 135 79 399 560 976
302 1408 98 130 137 1258 268 269 270
303 96 708 105 46 1458 1459 1460
304 385 132 72 1257 74 236 237 46 52 117
305 171 78 79 1199 437 87
306 1463 98 923 267 1230 399 372
307 134 75 77 399 863 55
308 96 1185 66 98 1026 78
309 96 740 392 105 523 652 46 1103 946
310 551 41 171 45 145 433 115 118
311 96 673 35 196 197 771 752 118 438 24 729
312 1472 1473 1474 3
313 1330 1476
314 98 130 133 134 135 73 77 79 80
315 1026 1477 1478 1479 80
316 962 1480 1481 1482 1483 1484 1485 1486 1010
317 36 295 765 107 46 1487 1488 52 24
318 241 210 1491
319 1495 293 104 109 1492
320 708 359 141 46 1138 1496
321 102 134 295 105 392 46 47 528 114
322 96 1248 102 118 376
323 115 863 87 184
324 708 1097 1503 460 589 303 111
325 385 66 72 74 171 237 79
326 1504 1409 133 714 267 1258 301 78 79
327 1505 131 133 135 109 238 80 725
328 134 136 79 81 374
329 96 98 1506 77 79 1200
330 96 137 80 118
331 1507 199 303 304
332 1508 293 517 295 104 1509 1510 1511 460 187
333 35 708 486 360 1512 1513 1514 1100 1515 46 1516
334 1352 1293 1518 1519 1520 497 498 275 500
335 442
336 133 134 73 74 171
337 102 267 78 560 1523 1524
338 1342 738 392 208
339 608 864 35 36 1527 297 141
340 1374 867 1534 1514 1105 1010 30 1528 1529
341 1536 1537 196 36 516 615 1416 362 1514 1535
342 833 1538 1539 1540 102 906 78 46
343 224 1541 1542 1543 104 1544 1545 1546 1004 1325
344 105 106 1257 1547 1548 878
345 353 37 133 1098 235 1549 1550
346 577 754 659
347 96 100 133 38 1551 756
348
349 674 232 377 79 399 22
350 36 325 1552 241
351 1248 535 7 1224 42 300 657 242 211 1554 245
352 96 897 36 145 435
353 135 72 73 77 79 81 115
354 520 20 1559 1560 1561 665 1562 1563 1565 1564 1567 157 417 1566
355 859 1570 37 133 392 41 75 235 1324 270
356 96 98 557 78 79 118 55
357 1571 36 1445 102 1572 1573 1574
358 418 295 1576 137 361 1577 1578 45 110
359 1551 544 673 800 1580 1581 1582 1583 1584 55 442 1471 217 96
360 98 135 72 73 171
361 96 577 304 1588
362 102 232 45 78 276 1589 1590
363 1095 1592 141 46 47 302 276 118 280
364 1185 36 1254 1322 1424 1399 1016
365 96 325 1189 393 395
366 192 1600 227 356 357 13 275
367 0 320 1601 1347 4 1348 13 334 654 1303 887
368 418 36 356 523 46 114 467
369 832 134 377 74 75 363 47 560 434
370 130 1602 361 74 363 79 434 919
371 802 1603 102 776
372 393 36
373 98 1315 4 1604 1605 1606 136 1607 1608 1609
374 96 102 1610 1611 1261 494 47 1262 210
375 128 135 72 74 1258 1612 77 1613 79 1232 1614
376 34 930 36 1476 42 362 879
377 131 356 484 611 295 107 1517 1617 1586 275 852
378 388 523 46
379 389 136 41 1448 117 118
380 266 301 305
381 96 128 70 1623 1624 1625 87 120 601
382 1632 134 267 46 1230 1231 1631 435 467
383 96 1633 136 74 75 560 1011
384 98 133 134 171 76 79 374
385 98 131 134 171 78 184 185
386 776 155 928 35 677 308 196 727 729 1502 1634 1635 1636 1637 1638 1639 1640
387 353 37 72 106
388 163 1128 106 235 236 511 878 48 1648 1649
389 192 1025 130 73 1258 77 81 1202 1651
390 1057 37 267 1653 1654 1655 1656 1657
391 385 1091 134 135 74
392 257 1665 1666 1667 133 1668 26
393 325 1669 7 40 1670 654 442 756
394 98 376 75 171 206 79 80 118
395 1671 1672 24 155 158 928 35 165 38 195 196 198 200 462
396 128 102 136 1673 1674 1547 1675
397 161 257 265 1353 1676 1677
398 257 1476 1678 1679
399 96 102 105 267 46 1103 114 242
400 96 771 133 427 210 52
401 7 1687 9 1681 242 1554 1682 125 1683
402 163 196 676 1543 617 362 1326 51
403 708 197 199 776 1503 302 303 304 494
404 1345 354 105 1327 55 567
405 1504 1696 98 1697 238 79 915
406 4 6 10 11 17 799 1698 1699 1700 1701 60 1348 971 333
407 128 790 794 795 796 1702 1703 1704 1705 426 1706 1707 1708 1709
408 516 517 154 155 158 295 1712 1586 53 54 56 703 704 1088
409 131 356 293 1445 1574 1713 852 1236 22
410 74 13 270 1133 1714 1715
411 640 34 36 1719 42 1720 624 21 1717
412 961 676 4 964 1639 1640 393
413 224 354 36 1725 499 1045 438
414 1728 33 1729 195 967
415 928 97 803 36 1731 7
416 929 34 451 228 36 1732 1733 1734 1673
417 96 1736 267 78 79 80 87
418 257 36 1737 141 1293 276 788
419 354 1738 109
420 3842 3843 3844 3845 2572 541 546 164 676 678 933 2858 307 320 960 224
421 35 196 100 1739 460 684 654 975 1740 498 307
422 1185 1186 134 1736 171 1741
423 97 681 42 777 1743 442 1744 1745 243
424 36 1502 107 46 47 114 118
425 771 805 7 242
426 356 196 391 1036 109 46 493
427 133 1751 787 20 52 1750
428 1416 681 557 719 48 51
429 195 554 1754 1583 895 729 442
430 1756 105 1758 46 697 55 1755 571 187
431 354 388 293 389 516 392 105 109 46 766 112
432 1760 98 134 80 1200 114 254
433 1761 1762 1763 1764 1765 1766 1767 1768 1769 1770
434 608 353 681 554
435 36 42 1166 1776 1777 1778 211 1395
436 377 74 171 79 919
437 964 36
438 1185 98 130 135 1258 80 118
439 385 134 809 1418 75 1783 1779 1780 1781 1590 1782 1784
440 96 1312 100 261 356 358 1789 80
441 1792 1793 293 389 391 712 105 45 46 528
442 96 738 293 105 107 46 47
443 66 131 77 47 80 433
444 1253 102 105 941 1133 1261
445 897 133 135 81
446 257 1794 1795 260 1796 1529 686 1105
447 131 104 137 235 78 469 863
448 1797 102 1798 118 55
449 288 738 100 20 52 729
450 229 325 197 1801 1514 1802 1803 1389
451 135 66
452 66 98 1806 115 406
453 608 391 105 523 109 46 1807
454 36 105 141 1808
455 545 104 105 1608 78 46 47 1809 915
456 34 36 522 1810 147 788
457 715 1816 1812 1813 1814 1815
458 96 227 1818
459 132 72 137 74 237 238 79 406 951
460 66 206 79 560
461 3 4 36 329 42 332 13 334 273
462 131 134 74 171
463 41 74 75 77 590 80 81
464 1315 446 109 499 245
465 800 196 1487 1823 314 155
466 832 41 171 267 79 399 1461
467 1824 66 1412 135 72
468 1825 1412 361 171 78 79 538 87
469 36 376 102 78 47
470 227 4 1699 1827 1828 104 1829 46 15
471 1345 1346 1347 1348 1830 1831 1832 1833 1834 1835 1836
472 1089 290 1839 1840 1841 1842 1843 1844
473 96 209 210 1297 52 118
474 96 2 1346 1419
475 1536 36 228 105 109 111 210
476 800 100 43 653 1262 210
477 1851 388 1853 1855 46 528 1854 53 54 55 24 118
478 1856 1857 1858 473 79 47 399 916 118 87 184
479 512 1859 1860 1861 422 105 695 715 46 111 878
480 1315 933 102 902 1862 1863 304
481 163 422 295 1864 1865 852 821 56
482 66 130 135 206
483 96 477 6 40 1224 1321
484 227 771 1828 1866 43 1867 13 498 915
485 96 776 105 714 1868 45 46 47 301 1869 1870
486 608 36 105 235 141 46 112
487 352 802 199 714 302 303
488 128 771 899 102 998 105
489 66 135 137 233 1258 1325 117
490 36 1734 362 879 1362 275 1491
491 192 1883 137 1385 1545 1821 1880 854 55
492 135 267 1324 78 79 206 184
493 102 713 266 714 301 46 302 303
494 1601 66 547 551 1885 558 662 1142
495 132 135 72 73
496 832 74 1230 399 80 830 437 917 1397
497 36 548 41 364
498 1888 841 363 79 1199
499 1889 130 1890 135 377 74 80
500 96 1057 66 1411 1891 1892 1893 40 109
501 1894 104 882 499 883 277 22 1174
502 34 36 774 1895
503 35 293 40 104 1896 46 114
504 355 1031 1897 1898 1804 213 1078
505 96 1122 133 43 1899 45 494
506 34 36 740 9 42 1290 1900 1901 1902
507 1664 36 228 388 105 765 939 109
508 1 3 996 1029 9 42 12 749 1904 1905
509 608 867 36 1105 1812
510 325 1445 42 44 242
511 47 1168 1777 210 1911 118
512 576 1912 1913
513 66 132 177 404
514 1920 1921 98 72 237 1549 81
515 1922 1923 708 261 165 358 41
516 1924 1925 8 15 1311 675 1315 443 1608 329 332 972 334
517 755
518 608 36 1926 1927
519 0 257 4 356 295 1929 107 45 883
520 1930 1931 1932 1933 1934 1935 1936 1937 1938 1939 419 1711 1202 1207
521 672 232 1325 1940
522 1191 145 146 147 820 785 1942 1943 1944
523 161 257 293 1257 1949 858 275 22 24
524 354 8 329 1807 336 337 1267
525 106 511 878 111 16 48 1650
526 1952 161 353 72 74 492 46
527 66 133 1259 1231 80
528 128 1953 1954 1955 1956 1957 70 807 1958 1624 590
529 133 230 74 202 204 957 116 117 22
530 132 1959 137 74 171 361
531 70 1960 1961 1706 1962 1963 1964 790 791
532 96 560 1523 52
533 133 358 1965 46 80 118
534 228 1966 143 1967 1968 1042 1139 1236 1969 1970 727
535 227 36 459 275 1973
536 376 713 266 714 301 78 79 47
537 1123 325 7 1554 242 1975 1976
538 0 192 1984 1985 1986 998 1350 712 42 45 1583 208
539 66 1987 325 167 74 1771
540 199 398 208 1075 212 1076 215
541 802 35 1988 199 1031 210
542 1808 377
543 391 3047 41 522 107 268 45 46 554 1001 1203
544 771 1990 1991 1992 1993
545 96 34 36 42 1994 1995 208 209
546 1888 1186 202 171 363 364 206 79 365
547 96 1153 130 1996 1997
548 7 237 1998 1999
549 1154 206 368 2000 2001 115
550 96 36 199 40 776 302 47 304
551 36 325 346 241 242 243 245
552 1794 676 933 329 1353 13 498
553 544 73 557 78 80 87 472
554 1312 2010 2011 459 1042 629 2006 2007 632
555 2016 2017 34 35 2018 613 102 2019 904 109 1389
556 1443 388 2020 2021 2022 2023 528 1328
557 192 66 72 2024 74 75 2025 87
558 36 102 2026 651 2027 2028 46 2029
559 34 163 483 1347 42 109 2030 2031
560 287 741 2032 2033
561 867 2034 2035 2036 2037 2038 2039 2040 2041
562 293 107 115 117 55
563 257 131 22 413 293 295 1083 187 457 1234 1235 1237 361
564 353 131 132 230 1095 105 361 237 46 957 22
565 2048 45 495
566 2049 776 1098 46
567 2050 2051 740 325 394
568 2052 2053 2054 135 1576 1931 1932 77 1232
569 2055 2056 2057 396
570 163 102 392 105 107 46
571 97 389 134 681 2058 47 118
572 96 353 544 99 714 75 2059 237 1278 118 87
573 34 36 2060 109 111 959 155
574 34 867 36 42 362 109 2061
575 96 1312 36 329 45 2062
576 516 1545 2063 2064 2065 2066 2067 1174 165 297 1343 196 708
577 673 1346 1601 36 487 1402
578 516 41 105 107 1545 109 46 528
579 36 1253 105 523 652 109 46 141 53
580 535 391 41 105 46 528 241
581 133 72 74 75 46 79 863 87
582 96 1122 2074 105 1322 47 188 210 52 212 917
583 41 75 377 2075
584 1536 2080 2081 1923 1349 774 777 110 399
585 66 674 2082 2083 2084 2085 72 74
586 2086 1767 2087 754
587 133 135 72 78
588 192 129 98 353 261 358 263 2088 2089 2090
589 36 548 362 141 52 788
590 650 267 916 1694 2091 2092 2093 47 1457 1589 694 55 184 575
591 66 1987 774 2094 2095 144 145 146 147 785 2096
592 2051 1476 390 1542 297 109 110 141 882 2100
593 1345 34 36 133 165 469 1973 2101 1048
594 1952 2112 66 547 548 551 2110 2107 145 1461 2104 2105
595 96 376 133 267 206 79 80
596 1088 2113 35 732 165 617 1545 460 109
597 96 2114 803 1123 1290 209 210 211 52
598 96 128 130 2115 2116 77 301 118
599 2117 74 1084 24 1818 956
600 96 2118 2119 2120 2121 2122
601 673 36 42 362 2124 2125 2126 2127 442 2128 2129
602 133 74 1202 2130 2131
603 956 2133
604 96 577 2090 107 46 1551 659 118 438
605 132 295 361 457 1328 1138 1079 22 1078 24 2134
606 135 202 75 171 237 46 1583 528 656
607 1156 2084 269 692 2071 1654 1751 2136 2137
608 2144 1761 2145 2146 634
609 1122 2147 1188 37 2148 1899
610 2149 245
611 1088 280 1248 165 453 2150 2151 2152 2153 111
612 354 1347 356 357 105 2154 2155
613 224 1315 1444 934 2156 2157 2158
614 1889 130 133 78 79
615 1185 1253 102 560 243 52 1523
616 923 134 79 560 830 2159 2160
617 382 132 708 295 361 74 1818 525 46 1393 2161
618 1185 1186 99 133 1736
619 770 802 102 358 713 1836 589 302 303
620 102 554 399 1392 2162
621 98 131 1414 135 1258 1200 374 758
622 131 132 261 230 72 104 137 1818
623 325 395 109 654
624 289 740 325 1146 2170 393 74 395 1641 1906 2167
625 102 777 1263 52
626 385 98 130 132 74 203 1258 79 1201
627 96 2176 185 1820 263 237 206 79 80
628 865 2 2177 199 39 776 1098 47
629 130 133 363 78 206 80 115 118 374
630 257 1057 1794 1476 933 2178 2179 2180 2181 497 498
631 2182 135 72 2183 1258 79 80 81 919
632 70 871 1446 42 141
633 257 227 4 37 293 2184 329 118
634 224 388 933 934 937 2185 686
635 32 96 102 41 105 1259 46 47 52
636 130 547 134 135 75 77 79
637 132 1412 135 74 202 237
638 192 137 2186 45 1459 22 55
639 897 257 258 2187 2188 2189 2190
640 131 1092 102 230 106 235 2191 2192 2193 882 1587
641 2120 332 13 2194 1235 2195
642 481 354 35 36 37 165 196 198 805 1330
643 755 52
644 96 1374 418 195 196 38 200 1036 2031
645 96 66 548 41 459 1516 117 254 2200
646 257 275 788
647 96 128 130 133 78 79 80
648 74 77 79 80 81 115
649 1185 135 80 374 87
650 128 2207 2208 1956 70 1624 790 1623 376
651 96 673 2209 2210 2211 681 557 1997 239 1583 305
652 2212 325 2213 7 47 655
653 832 1890 2214 2215 2216
654 964 1094 1802 2218 2219 941 2220
655 2221
656 941 109 882 277
657 96 834 36 871
658 391 332 45 2223 2224 2225 50 2226 2227
659 135 74 81 115 2228 117
660 257 16 277 1691 799 934 1455 2230 1083 1091 1999 1235 1495
661 36 805 7 1161 1166 241 2231
662 96 802 102 1031 776 714 47 208 210
663 96 134 74 75 237 79 399
664 231 295 519 617 860 460 46 465 1969 1235 22
665 1249 356 36
666 608 289 35 36
667 453 106 511 109 110 719 48 878 52
668 98 74 78 79 52
669 130 1218 41 74 76 78 80
670 2240 2239 2241 2242 100 36 681 2187 275 1046
671 320 72 1199
672 995 2243 2244 2245 2246 2247 1193 2248 2249
673 1088 1664 1091 388 293 297 1738 2252 109 46 527
674 545 8 329 332 13 333 2255 2256 2257 19 1268
675 36 74 47 1105
676 34 36 133 42 653 655 209
677 66 167 956 974 957 1073 2258 2259 895 2260 118
678 267 1230 78 723
679 35 1923 165 102 1514 715 875 1131 1136 52 1556 2262
680 241 52 2265
681 96 2051 1893 70 2267 432 694 87 824 2266
682 102 712 105 109 141
683 740 36 325 996
684 2272 2081 1218 2273 2274 2275 134 232 1229 466
685 96 355 1126 78 47 210
686 2276 2277 2278 137 1325 656 2064
687 355 261 2279 235 1772 1037 1165
688 96 192 1408 2083 1156 73 714 269 558 245
689 196 2280 2281 460 209
690 1120 353 199 776 2282 2283 302 303 214
691 78 46 79 919
692 196 708 678 105 2284 46 307
693 96 102 70 109 47 210
694 102 2285 2286 2287 208 2288
695 550 80 2289
696 1798 141 145 882 2290 52
697 1890 105 141 46 882 52
698 66 130 133 41 115 118
699 261 104 137 878 50 118 184
700 132 133 293 104 137 110 46
701 96 134 775 1259 47 560 210 1523
702 257 356 485 1353 2090 686 975 498 1235 277
703 13 275 52 1268 118 1812 2302
704 96 493 494 80 210 915 118
705 608 235 109 46 1102 53
706 2304 2305 2303 165 422 295 456 111 821 1496
707 1408 2306 2307 2308 2309 268 13 1042 47 52 694 445 192 74
708 192 1154 376 2310 377 267 206
709 35 389 41 107
710 96 98 899 133 261 73 74
711 128 418 67 70 2311 136 2312 490 2313 1228 399
712 2314 2315 2316
713 224 1730 36 712 109 526 47
714 738 133 102 588 1133 2323 52
715 1634 835 132 5 356 1321 331 13 654 1646 273
716 832 66 1219 133 137 75 79 47 1202
717 192 1145 36 1540 378 1809 1267 502 2328
718 257 131 36 1352 361 78 275 22 2046
719 98 133 135 72 73 77 206 79
720 1728 195 196 2330 462 2331 1496 2329 314
721 664 154 670 159 163 2339 2340 297 48 1712 187 196 453
722 2272 1253 392 105 1260
723 2114 707 261 136
724 96 833 708 199 105 107 301 46 2319
725 948 60
726 96 1408 70 2342 2343
727 96 2081 1051 377 2344 79 239 87 184
728 1476 293 808 105 498 118
729 96 1538 771 804 102 199 2345 107
730 66 131 132 133 230 72 361 74 1325
731 354 1315 105 777 2346 46 399
732 96 135 72 74 80 87
733 673 803 325 741 1867 588 2348 2349 751
734 2065 2353 883 275 277 2354 2355
735 36 241 243 788 917
736 32 145 2130 499 1655 2360 2361
737 13 275 27 541 546 164 676 684 2364 2365 2366 2367 2368
738 2373 2374 74 237 79
739 353 196 36 198 2375 55
740 96 2376 2377 2378 2379 2380 109 2381 498 883 22
741 102 2382 655 2383 2384
742 134 267 110 80 2385 2386 854
743 96 130 133 134 135 364 79 80 118
744 96 2392 2393 622 2387 2388 2389 630 2390
745 96 869 870 199 47 371 212 2396 215
746 128 2398 382 483 196 1496 456 105 107 1586 890 22
747 2400 2401 102 1258 171 267 270
748 133 74 75 78 79 373
749 2402 899 135 72 74 1258 79 919 372
750 2401 1122 1756 2403 1445 391 137
751 96 2404 293 102 518 1126 46 47 1777
752 96 66 79 87
753 2405 2406 2407 2408 2409 2410 2411 2412 2413 2414 2415 2416
754 516 109 46 1389 433 52 118
755 1248 418 67 510 426 396 1100 1617 2422 2423 2424
756 224 902 199 873 906 427 47 944 2427
757 36 391 105 109 46 141 878
758 2432 2433 2430 163 2434 2435 2436 295 40 2431 46 2224
759 96 535 2437 2438 242 276 118
760 1184 2439 652 945
761 34 36 2440 2219 1901 879
762 353 223 196 105 106 511 878 111 53 1494
763 96 134 2441 171 363 364 365
764 2370 2307 2371 1893 2442 2443 1036 2444 2445 2270 21
765 34 806 42 2446 245
766 102 871 199 969
767 96 36 2449
768 66 1219 104 2450 22
769 517 1804 2451 2452 155 156 158 35 165 57 314 196 197 198 460 1484
770 34 1091 196 100 356 388 517 457 474 1236 2453
771 96 800 2456 1739 493 209 210
772 673 1346 36 2457 52 278 57
773 352 1730 133 41 2281 2318 1523
774 512 513 515 519 1419 791 795 155 157 2461 2462 2463 2464 2465 419 2466 2467 422 1325
775 2468 2469 102 2470 2471 1132
776 802 134 199 776 137 2472 1324 1869 302 47 16
777 325 2473 42 362
778 1794 164 676 677 933 934 2474 684 940 945 306
779 1889 386 899 1122 136 73 137
780 163 932 165 453 235 2476 909 2477 111
781 1184 2016 228 1253 392 105 107 652 46
782 1549 13 2189 2480 2481 2482 2483
783 98 1959 72 74 75 77 78 79 372
784 1412 135 72 377 75 77 237
785 32 385 674 132 41 75 238 1043 151
786 580 70 874 303 208 212 2486
787 224 512 2051 708 390 391 510 46 112 2487 2488
788 36 105 235 523 109 46 941 114
789 192 1889 130 133 358 361 376
790 96 129 131 392 1352 1452 80 178
791 928 769 34 961 229 741 1289 362 2219 752 306
792 832 2496 2497 2147 772 1188 134 102 75 1550
793 353 131 132 923 137 1324 206 433
794 2498 231 360 105 107 46 1235
795 105 109 46 114 52 55
796 754 1748
797 129 771 261 1036 2064 548 1082 192 2500 2501 2502 2503 338
798 242 991
799 36 102 134 775 755
800 34 354 36 708 1346 1347 1350 2504 42
801 96 135 72 73 74 75 77
802 835 37 1739 332 109 334 460 528 2027 1085 1236
803 130 1414 135 171 267 363 364 79 118
804 932 2508 2509 141 2510 2511 2512 2513 2514
805 1800 346
806 130 263 73 77 206 79 374
807 102 105 467 52 1172 1523
808 98 101 435 1011 2003
809 134 135 74 171 363 77 79
810 135 74 77 79 80 919 951
811 96 66 36 134 841 109 47 560
812 928 2525 34 930 36 42 747 2060 109
813 261 35 37 38 43 558 1082 192 478 2526 2527 1122 100
814 512 2528 163 36 2463 105 1663
815 754 1748
816 196 329 1580 657 307 1268 439
817 1312 129 2530 2438 1449 46 80
818 34 3 36 740 1477 2533 362 523 2317
819 100 105 844 302 1136 21
820 289 34 483 36 165 325 1217 40 2404 42 2534
821 132 74 237 80 81 87
822 2401 301 78 431 2448 305
823 1513 2537 1419
824 738 1123 1445 969 1290 2538 209 242
825 96 192 224 352 2539 1327 499 52 118 55 376
826 102 2470 74 267 118 87
827 133 134 871 267 2540 494 79 80
828 608 36 2541
829 4 19 931 804 1315 1604 1608 329 332 973 334 857 860
830 96 771 102 78 47 915 118
831 66 132 2084 2054 135 72 73 137 75 237 80 81
832 1156 261 73 74 78 80 178 2548 117
833 545 36 996
834 96 764 37 293 391 109 46 52 118
835 1698 1123 37 5 42 333 14 655 973
836 325 358 1254 776 46 114 52
837 1154 75 79 399 115
838 388 105 109 110 1327 114 210 882
839 1536 1923 132 165 197 1092 41 107 460 46
840 96 102 871 776 427 589 302
841 70 392 2508 2285 590 2556 912 306 1022 2552
842 32 2558 1415 40 456 1804 2447 1136 883 21 22 854
843 2560 2561 386 2562 2563 2564 2565 2566
844 1345 1346 1347 2276 550 202 1547 45
845 356 1700 4 1604 2567 2568 2569 2570 2571 2572
846 1607 588 47 2576 210 242 52
847 517 519 2577 2578 2579 2452 2580 2581 155 156 314 448 196 198
848 1984 261 2309 2535 41 80 242 2582 2583
849 2147 772 171 184
850 1282 325 362 394 395 346 1514 1822
851 263 1069 558 276 1750 254
852 764 293 105 107 46 1174 55 2586
853 36 141 46 766 878
854 0 321 2589 4 6 358 329 13 334 337 1267
855 517 519 2579 155 156 2590 2591 2592 2593 2594 314 574 196 198 582 460
856 96 1760 2595 841 74 77 2162 2163
857 836 1445 714 970 77 47 303
858 354 388 389 1541 2596 2597 2347 2254
859 353 708 2598 2599 2600 1385 2601 76 47
860 2562 131 135 2602
861 128 353 36 2469 102 105 906 523 1034
862 96 2401 102 267 301 78 302
863 34 163 1543 1128 297 1003 1389 2606 1039 1615 2607
864 776 713 589 302 303 2002
865 480 36 805 7
866 448 100 329 330 331 2505 335 337 2610
867 133 391 235 46
868 163 295 267 78
869 227 132 331 332 13 1138 275
870 1280 897 484 2133 2614
871 2051 1957 70 2622 522 1625 1623 1624 601
872 772 713 2476 77 2285 2623 1556
873 2624 354 1406 551 2254 498 499
874 96 2625 100 1156 422 1414 136 77 80
875 2626 2627 2628 838 297 106 235
876 160 36 2629 2630 2631 2632 2633
877 2634 2635 2636 1549 2414
878 66 36 548 102 105 267 46
879 79 87 185
880 1018 135 105 74 77 80 55
881 518 1130 2637 210 1523 1016
882 1922 163 516 105 1545 107 2638 111
883 673 36 134 39 46 1143 406
884 96 102 267 47 560 2641 1523
885 1536 355 36 197 165 486 1514 1804 1105 2642
886 96 133 102 74
887 37 493 2646
888 96 608 523 1777 52 53 1108
889 704 289 34 35 928 165 329 42 459 1673 655 242
890 96 133 681 1388
891 1728 195 200 2650 2649
892 2653 1868 78 2655 1556 53 54 1175 1594
893 1312 2656 36 199 1516 1010 1044 790 727
894 96 2657 98 136 1258 77 80 372 404
895 96 897 66 133 134 74 79
896 96 102 714 589 78 47
897 288 2658 133 135 73 77 1325 79 919
898 2432 223 163 2659 295 456 105 1545 1325
899 865 1923 2660 293 1545 109 45 2066 275
900 96 34 354 36
901 708 102 2663 136
902 450 1923 36 1220 2665 2666 2667 2668 2669 558 2670
903 135 363 206 80 434
904 2688 1942 160 814 2681 2671 2672 2673 2674 2675 2676 2677 1142 2679 2680
905 128 512 2689 163 516 2690 109 48 1467
906 2691 2692 101 235 1421 47
907 96 928 34 133 197 2693 42 298 2446
908 1792 2696 267 951 184
909 192 132 38 72 264 74 2697 77 237 238
910 257 897 137 2698 2699 2700 237
911 2304 617 1385 141 2702 2703 2704
912 512 136 522 2706 157 418 419 422 295 46 570 67 1617
913 2272 356 37 109 466 2707 1461
914 672 674 2708 2709 2710 2711
915 928 2017 2018 708 1672 1289 1471 1005 462 2013
916 96 1122 102 105
917 257 805 43 499
918 96 802 713 78 47 302 304 494
919 773 102 1319 47 304 1396 1589
920 128 80 374
921 353 1122 998 74 878 1556 2714 2713
922 165 102 615 106 906 716 878 48 52 53
923 407 66 98 135 72 167 74 75 238
924 36 1446 7 42 655 211
925 704 613 102 105 906 1130
926 96 802 267 79
927 36 1767 109 141 112
928 1056 2472 41 301
929 385 131 230 74 237 206 52 118 87 88
930 96 773 2717 135 493 78 915
931 608 36 1477 362 2718 46 52
932 1315 804 9 655 209 657
933 320 135 104 1228 77 1612
934 96 1505 841 47 2320 435 1395 118
935 257 36 356 2661 2194 275 20
936 2720 2721 1027 1445 2120 522 2287
937 2723 2724 2725 774 782 785 146 147
938 1889 66 2726 74 2635 1244 117
939 96 99 101 72 74 77 115
940 388 165 1444 1543 2727 617 2728 883 20 277
941 354 1668 1541 2729 2730 2347 2252
942 774 2732 2733 785 147
943 257 1794 260 2180 2181 1896 2734 2735 498
944 96 128 386 807 136 1579 494
945 1184 133 102 776 652 302 47
946 96 47 2736 2737 2738 52
947 2147 78 79 80 527 55 87
948 676 453 677 615 932 111 911 306 2740
949 130 77 206 79 1200 561 374
950 1514 54 1015 2746 2745 826
951 109 46 277 2455
952 704 163 196 516 519 615 1416 1545 511 2750 111
953 2752 105 46 47 243 52
954 2753 2754 100 293 109 1389 882 946 118
955 1889 98 130 2435 133 361 1258 78 79
956 1923 516 137 1545 2452 926 1825 295 2476 438 57 187 61 451 2755
957 480 1122 2756 134 493 1392 1524
958 1186 171 364 363 365
959 832 66 135 74 43 171 47
960 2757 73 377 78 80 81 560
961 908 1559 1689 411 35 36 165 42 52 2618 318 703 2758 1100
962 774 782 785 146 147 1944 2340 1832 41 52 820 1719 2759 2760
963 1664 939 2767 2768 52 21 854
964 1799 295 2769 275
965 2770 2771
966 96 477 261 75 957 80 2772 2773 22 87
967 36 932 102 1254 105 13 46 941 560
968 738 102 2775 427 940 941 1261 47 1262 945 210
969 261 134 74 1871 80 368 560 115 52 917 1523
970 102 46 47 210 118
971 98 102 2281 74 75 79 80
972 1061 134 72 79
973 2531 2780 1989 2674 54 2778 2779
974 32 36 110 830 2161 499 469
975 2304 891 293 295 104 361 1896 1324 45 46 117
976 2688 2784 2785 67 2786 133 422 774 2787 2788 2789
977 243 36
978 1088 1091 902 235 332 494 47 944 1589
979 96 135 171 267 363 364 79 1231
980 389 391 2791 105 46 47 1742
981 67 2149 1385 110
982 385 1122 1218 2792 41 235 236 45 47
983 36 356 104 107 46
984 704 705 165 613 616 2793 2794 2795 1804 2796 462
985 608 353 1786 2148 2214 2216 141
986 1220 105 107 46
987 102 235 302 560
988 4 5 6 329 330 332 13 14 1422 273 498
989 2563 597 1372 2799 2800 2801 2802 2803 2804 2805 2806 2807 2808
990 96 2816 74 106 235 1899 2815
991 832 353 2817 75 77
992 673 2818 1091 36 740 996 7 2819 554 43 300
993 355 2020 293 37 2375 2535 2820 495 1807
994 192 832 2822 39 104 378 1871 2175 22 254 377
995 832 353 928 483 932 198 1798 2823 2158 21 22
996 2336 36 542 40 2824 788 852
997 928 1664 678 1094 2118 2120 2825 2826 654
998 34 732 196 519 2827 460 2828 2829 1617 307 2581
999 131 132 133 22 24 538 295 1080 192 74 80 1234 1235 469 861
1000 4 2443 2830 24 1828 55 441 445 2371 329 330 334 335 89
1001 66 276
1002 232 377
1003 833 1098 301 47 209 210
1004 517 519 2832 2833 2834 2835 2836 2837 795 928 417 2464 296 1712
1005 66 74 75 171 79 117 2838
1006 96 803 1446 776 1224 42 1518
1007 802 713 714 589 302 303 212
1008 704 34 35 165 197 1063 2821 1615 1136
1009 386 2562 1228 77 397 1612 81 1202
1010 96 832 1832 105 361 109 46
1011 2560 2561 2562 2689 2564 2313 397 2843 2844 2845 2846 1579 58 1228
1012 96 800 199 1031 1319
1013 2848 2849 41 714 52
1014 132 230 72 105 74 75 361 237 81
1015 184
1016 128 130 1570 773 137 2058 78
1017 610 2851 2852 453 165 102 1416 1801 2853 2854 1484 2855
1018 131 134 74 75 79 254 87 185
1019 2567 10 13 15 17 277 2858 307 320 963 329 971 334
1020 102 873 2859 2860 47 210 242
1021 1856 2147 772 235 1143 406 118
1022 192 1443 356 104 1047 277 118
1023 1153 202 171 204 78 206 2862
1024 133 75 267 78 79
1025 36 105 1322 107
1026 2526 40 74 2863 2864 2865 2866 916
1027 1153 66 134 72 74 171 79
1028 132 1258 1324 237 78 270
1029 129 385 899 132 261 1037 1040 660 1310 40 552 2868 192 66
1030 224 289 34 928 36 1664 42
1031 96 264 171 115 2868
1032 163 516 295 617 460 141 2702 111 1586
1033 544 100 133 557 977 115 916
1034 774 782 785 147 788 2771 2872
1035 377 267 206 79 115 435
1036 832 1186 134 109 1742 976 54 377
1037 96 800 2880 2881 806 7 42 1266 211
1038 2882 2883 36 447 334 558 879 275 883 889 442
1039 450 2884 2885 109 2254 527
1040 2886 232 237 979
1041 480 1122 493 1869 722 2162 1172
1042 388 2694 2887 2347 1100
1043 37 2888 2889 2890
1044 195 2819 478 38 200 1352 2891 2892 2893 2894 2895 2896
1045 512 2465 516 422 2855 904 1005 111 1009 2897
1046 1122 35 100 165 261 903 1502 1513 926
1047 874 441 493 2861 210 2899 118 2073
1048 96 352 802 133 1098 782 47
1049 96 352 34 1122 36 42 210
1050 102 776 302 47 2448 305 1523
1051 37 2472 364
1052 227 36 13 275 499 788
1053 272 24 1949 30 161 676 684 1324 2613 1081 957 72 2900 2901
1054 109 2903 52 55 2904
1055 576 199 52 1912 2905
1056 1728 195 196 200 105 392
1057 391 105 235 110 46 399 528 1396
1058 202 371
1059 1760 36 261 548 806 1161 1162 1166 80
1060 161 196 485 516 295 685 111 882
1061 754 1748
1062 96 98 1445 102 47 209 210
1063 1122 2210 493 1997 722 2162 1974 1239
1064 2912 1697 1186 2913 2914 389 2915 391 2916
1065 1889 387 133 73 80
1066 128 130 899 2917 1960 361 74
1067 516 1545 2826 2067 1951 164 936 297 2856 684 1712 2364 320 196 223
1068 1536 155 156 286 160 35 165 2089 299 57 448 196 582 2013
1069 802 325 102 776 1261
1070 131 230 2921 74 80 117 22
1071 230 104 137 233 2922 2923 2924 2925 957 1950 20
1072 130 132 72 137 74 75 237
1073 608 865 1088 163 36 613 614 1416 617
1074 131 104 41 137 107 361 1324 46 957 2927
1075 130 132 134 135 74 267 1325 206 79 80
1076 516 708 295 361 107 111 2928 1969
1077 352 356 36 357 487 2604 2929
1078 483 36 105 109 527 114 52
1079 992 994 1730 1256 522 427 524
1080 673 2819 104 681 235 2610 2930 1236 2931 55 24
1081 516 422 2638 2932
1082 102 134 527 114 188 52 756 119
1083 1145 1188 901 377 2189 206 79 399 2935 115 2936 437
1084 98 131 137 78 79 80 46 47
1085 36 1989 391 141 718
1086 97 36 294 52 55 221
1087 161 293 22 887
1088 795 2593 418 419 196 422 519 843 846 53
1089 608 36 141 558 1453 306
1090 102 2504 298 243 52
1091 2944 1057 1667 40 275 501
1092 256 257 1057 1571
1093 257 2945 2946 932 2947 2948 1677 882
1094 36 2949 2463 235 109 48 52 53
1095 2950 329 265 2506
1096 2114 804 871 2951
1097 832 1218 389 2598 2952 233 106 2953 2131
1098 2116 102 78 47 1594 1589 118
1099 1440 353 1218 1851 2020 2627 1257 2954 235 2955 2956
1100 192 385 132 41 46 2064
1101 261 230 40 361 107 109 110 399 1325 22
1102 102 2855 2957 2958 1135 2959
1103 72 2698 237 80 115 116 276
1104 2307 36 1325 1854 465 2577 147 788
1105 774 2732 2764 785 146 147 788 1140 2963
1106 20 2965 24 221
1107 96 66 548 134 74
1108 928 961 34 195 100 36 228 362 1514 315 735
1109 129 899 261 2504 366
1110 1672 459 51 468 2968 2969 2970
1111 2274 36 788 30
1112 1220 293 1292 13 498 883 799 277 947 1492
1113 2976 2977 98 131 132 1336 230 2978 2979 361 74
1114 2980 38 499 915 2260
1115 96 1826 36 2981 2823 1353 1777
1116 96 358 679 136 361 682 653 1328 210
1117 389 294 295 2982 2983 74
1118 1345 1347 36 2245 2984 2058 109
1119 34 2434 36 37 105 42 2985 2986 45 109
1120 769 388 1802 141 1805 35 36 165 2597 2987 2988 2989 46 2990
1121 771 388 36 446 1992 2120 45 654 2991
1122 1342 102 1832 105 109 1133 114
1123 2597 2890 46 2719 2992 2993 1235
1124 833 2116 906 1020 47 305 2995 1556 2996
1125 673 132 41 2893 558 2414 1073 2997 2998
1126 66 98 130 74 79 80 919 438 87
1127 832 1026 68 900 2598 75 399
1128 897 2194 277 36 941 307 53 60 3005 3006 3007 3008 959
1129 1186 134 135 171 267 1230 79
1130 928 34 35 42 1721 2492 1217 3009 3010 196 3011 2505 211
1131 104 107 109 45 110 111
1132 1440 3012 613 3013 3014 904 3015
1133 224 164 932 3018 941 686 496
1134 1538 47 1395 756
1135 2507 45 469 22 55 56 57
1136 899 3019 3020 2804 437 2806
1137 96 167 203 3021 78 79 1040 721
1138 191 36
1139 35 708 165 197 732 1545 110 46 462
1140 36 102 42 47 3023
1141 128 353 133 102 998 776 41 3024
1142 608 2671 1105 3025 3026 3027 3028
1143 133 102 171 267 78 47 118
1144 545 355 100 4 197 446 1700 334 1583 1809 3029
1145 36 1989 788
1146 97 36 104 105 141 46 110 2703 850
1147 705 102 3035 3036 3032 3033 3034
1148 133 41 105 235 236 267 46 878 1103
1149 1889 130 1410 2083 261 522 269 79 80
1150 1218 197 165 1031 456 41 554 46
1151 132 2347 237 16 116 53 22
1152 34 42 756 439
1153 353 136 2030 498 1018
1154 377 75 78 79 115 406 87
1155 2113 732 196 519 200 1384 690 275 2579
1156 3041 516 293 1416 46 882
1157 1 3042 3 771 1446 7 871 393 746 2172 242
1158 608 899 3043 3044 3045 520 41 46
1159 512 610 196 165 516 517 511 111 1712 1586
1160 832 353 3046 106 1494
1161 32 66 3047 40 1325 1231 243
1162 1153 1154 901 3048 270 79 115
1163 802 1315 902 494 47 754
1164 1153 583 76 78 47 2159
1165 608 2434 35 36 165 102 391
1166 34 803 36 7 362 1290 655 211 216
1167 1889 98 2297 377 74 77 237
1168 1696 132 36 134 3049
1169 72 137 3050 237 399 87 539
1170 66 132 237 79 863 87 539
1171 165 389 391 105 45 399 467
1172 471 35 388 165 391 105 3051 109 46
1173 98 135 171 363 364 365 3052
1174 135 73 75 77 81 145
1175 66 72 75 79 87 377 91
1176 224 1088 1091 228 36 1416 523 109 766 3054 3055
1177 608 1952 2372 613 933 232 74 363 568
1178 2084 3003 2566 1612 77 81 1202 2546
1179 771 302 47 1872 210 3058 3059 3060
1180 769 516 24 2587 670 159 34 35 165 2988 48 54 3008 196 708 2888
1181 2341 491 1776 2130 2419 3070 3063 3064 3065
1182 184 221
1183 131 134 1065 171 267 78
1184 1056 392 46 47 1589
1185 3072 388 133 614 392 105 652 46 399 528 1103
1186 32 928 961 3073 196 3074 358
1187 577 2328 1507 197 102 906 47
1188 928 1216 3075 36 741 3076 3077 1288 393 1641
1189 1664 771 3078 3079 3080 3081 2314 2315 3082 3083 2199 35 165
1190 32 257 260 2181 38 1353 1294
1191 1798 391 716 3085 878
1192 513 2786 484 2406 2408 1322 3086 3087 1776 3088 2418 3089
1193 2272 929 34 1315 36 2275 2434 2631 1513 106 109
1194 899 73 1258 366 79 80
1195 163 1541 295 2023 107 235 109 46 1103 2290 1396
1196
1197 160 961 3098 196 198 1798 297 2194 1531 1528 3096
1198 96 994 35 36 197 1091 1730 1001
1199 1605 105 361 46 878 528 1235
1200 96 354 133 776 105 2281 46 80 304
1201 1132 716 941 3101 2491 219
1202 608 803 36 677 362 1290 462 209 1362
1203 3104 109 755 245
1204 3105 3106 362 941
1205 96 130 3107 714 76 301 118
1206 3108 3109 3110 3111 3112 3113 3114 2766 785
1207 96 98 951
1208 96 1536 133 210 52 118 119
1209 36 356 3115 241
1210 1889 130 134 1258 3116 79 1525 118
1211 1027 325 2120 3117 16 401 1854
1212 96 1283 102 806 776 589 494 303
1213 708 1095 105 107 141 46 1103 2064 2703 882
1214 1088 1091 1543 1580 45 878 48 852
1215 98 1060 135 73 1258 75 79
1216 3110 813 2414 3118 144 2096 1042 147 3119 3120 150
1217 289 34 35 100 102 393 42 395 655
1218 1416 1545 1556 282 670 158 159 163 165 46 48 52 53 54 695 196
1219 96 3130 3128 936 1354 427 940 941 210 245 3126 1015
1220 102 137 267 301 78 47 302 303 245 118
1221 774 1995 300 141
1222 1409 135 377 74 75 79 80
1223 96 1091 357 389 520 361 78
1224 128 3136 3137 3138 676 3139 3140 617 235 2638 3133
1225 96 673 36 3141 47 118
1226 96 133 3142 3048 78 79 118
1227 197 1030 199 3143 3144 752
1228 446 105 107 46 118
1229 1440 1122 2595 841 3145 3146 3147 2162 243
1230 802 1820 102 46 55 119
1231 1984 705 34 35 36 1446
1232 133 102 1130 1324 46 47 302 431 1391
1233 102 776 1673 427 3148 1869 47 210
1234 1248 1569 196 36 519 616 681 945 882 1586
1235 96 832 132 901 1188 137 377 75 3149 3150 79
1236 102 41 105 46 302 303 754 52
1237 196 165 2695 104 233 91 462 3151 433 1496 154
1238 64 512 418 419 515 2464 70 422 136 912 3152 3153
1239 36 104 46 2065 3154 3155 22 55
1240 477 385 674 39 2953 427 1395 52 2815 863 3156
1241 832 2817 133 137 1419 76 1899 206 916
1242 645 39 622 1494 567
1243 353 130 35 708 293 1406 1319 104
1244 130 700 376 1080 135 1324 78 46 47 560 561
1245 1345 2081 1347 105 107 109 46
1246 36 391 1255 105 109 46 47 110
1247 320 1698 835 1827 331 1739 14 16 17
1248 3047 74 46 55
1249 795 163 422 615 617 1325
1250 36 394 109 1810 1811
1251 1163 1166 948
1252 96 1122 1316 133
1253 130 134 135 1258 78 79 206 373 87
1254 96 1311 807 366 80 276
1255 224 36 109 685 52
1256 96 133 102 199 391 267 46
1257 224 165 615 141 878 111 48 719 51
1258 163 297 670 1004 1325 46 111 48 719 878 51
1259 3168 3169 3170 3171 708 229 3172 3173 715 1003
1260 354 387 37 293 41 105 141 685 1870
1261 1730 3174 3175 904 3176 3177 3178
1262 96 673 185 377 1545 3179 206 239 2910
1263 1032 1435 36 41 556 949 1973 196 1220 459 478 2786 3180
1264 96 130 135 47 80 81 1200 1871
1265 96 770 1756 1092 776 109 210 52
1266 37 391 105 523 141 46 1103 1396 2103
1267 96 102 199 426 302 79 303 3188
1268 96 133 43 715 2163 3191 694 119 3190
1269 356 1253 1797 1260 46 111
1270 352 1664 44 109 2604 1168 3192 3193
1271 354 708 1092 102 199 712 1516 109 301 52
1272 98 1413 74 267 79 368
1273 36 293 776 105 302 467
1274 131 923 104 137 2058 1393 2065 117 1141 3197
1275 3200 3201 3202 1863 232 1773 3118 2481 3123
1276 320 257 1795 164 3203 332 13 1036 498
1277 325 134 393 46 243
1278 96 135 75 238
1279 900 1988 102 392 1868 1389 1395 1556
1280 385 66 2337 2915 3204 3205 203
1281 1949 21
1282 1856 66 356 3206 1064 2921 1549
1283 2913 98 261 3207 3208
1284 66 74 1228 1229
1285 96 1186 134 3209 364 80 1200 2548
1286 105 45 110 113 1397 55 56
1287 608 1342 34 2433 232 1662
1288 66 2441 1821 2602 3210 3211 3212
1289 608 391 105 107 110 46 1139
1290 199 776 1098 525 208 209 210 212
1291 608 36 775 2058
1292 102 776 560 305
1293 99 1190 759 79 47 305 399
1294 130 133 1324 3213 78 206 239
1295 130 1186 110 79 560
1296 608 354 998 48
1297 2116 1868 302 78 560 46 305
1298 832 75 76 3215 3216
1299 1315 134 714 267 76 301 78 79 47
1300 98 132 135 72 73 1258 78 79 80 81 919
1301 32 192 256 257 275 52
1302 96 100 72 136 74 75 269
1303 353 385 1959 238 239 497 114 3218
1304 96 130 74 714 76 77 78
1305 134 263 41 267 560 1424
1306 1664 2144 3008 36 2826 878 624 50 1717 54 3158
1307 96 98 102 267 79 47
1308 109 46 47 276
1309 295 40 50 1235 500 1237 2066 3220 3221
1310 97 771 164 197 1979 1039 118
1311 96 192 1697 133 263 41 74 80
1312 98 72 75 237 79 1202 115
1313 96 1122 99 3226 2877 493 976 3224 120
1314 96 36 133 105 46
1315 1536 516 453 295 104 108 111
1316 96 132 133 134 171 80 87
1317 96 34 771 100 293 199 2027 3227 47 16 52
1318 128 773 136 104 2540 78 80 1011 3229
1319 196 517 582 154 40 998 1496 843 460 2281 2030 2590
1320 1408 899 74 554 1034 1325 80 81
1321 96 130 376 1448 267 78 79 47
1322 2592 3232 3233 3234 3235 3236 3237 3238 574
1323 98 131 104 137 78 79 81
1324 102 295 136 3239 208 2323 52
1325 96 353 1889 3046 3240 110 78 47 494
1326 96 2307 102 391 392 105 1126 427 3241 46
1327 96 133 171 267 47
1328 96 827 2402 3242 3243 3244 208 1777
1329 296 429 46 399 1231 3245
1330 96 34 391 105 107 46 52
1331 36 325 2951 42 298 3247 3248
1332 96 66 1122 72 74 238 47 1040 3251
1333 96 3255 1029 969 208 209 210 242 212 3252 3253
1334 361 107 524 1324 46 465
1335 2083 923 261 269 2548 118 3256
1336 928 673 35 1288 3258 42 2317 398 15 2736 401
1337 1346 392 105 552 2504 46 47
1338 3040 769 3264 35 2660 165 2057 1514 1803
1339 354 293 295 876 109 112 275 52
1340 3265 3266 3267 3268 3269 1734 3270
1341 224 1057 2661 3272 1833 3273
1342 3274 3275 3276 3277
1343 608 2882 4 1605 38 3079 8 329 332
1344 208 658 1075 1076 2995 214 3283
1345 1312 3287 295 104 3079 2298 703 1042 1618 21 3285
1346 136 367 119 3288 3289 3290 155
1347 2113 483 356 357 519 361 457 107 1513 2090 3291
1348 96 2371 3235 499 119 24
1349 293 107 111 53 57
1350 3296 3297 70 3208 1229 789
1351 36 133 105 109
1352 96 1185 1186 771 133 134 46
1353 98 133 134 135 171 2603 206 115
1354 352 738 891 1255 681 110
1355 257 227 36 38 487 887 498 499 22
1356 2912 1186 66 1413 3301 135 3302 3303
1357 41 830 52 55 118 87
1358 1219 90 133 137 74 75 399 81
1359 224 608 3304 3305 883 53
1360 96 354 802 105 267 46 47
1361 354 131 3306 3307 46 47 1135
1362 2520 1258 75
1363 36 295 457 3308 109 46 111 210
1364 16 282 155 36 2469 44 52 53 716 863 102 230 1126
1365 2400 98 185 3048 74 75 206 79 2128
1366 3171 764 107 46 304 528 722 1396 1621
1367 130 134 135 171 364 77 46 206 2603 81
1368 738 36 102 1254 392 105 1256 109
1369 928 393 937 1388 12 2508
1370 132 134 74 75 399 81 863
1371 66 2564 133 232 1228 1325 81
1372 96 34 2819 36 199 776 43 45 654
1373 832 2401 131 102 777 1257 267 78 47
1374 771 2499 7 393
1375 772 133 102 773 41 1322 267 1259
1376 640 36 293 102 105 511 118 55
1377 1153 391 105 110 46 528 3315
1378 800 131 132 230 202 237 78
1379 161 257 131 1542 1896 265 457 111 16 498 1235 3316
1380 257 259 36 53
1381 2752 245
1382 96 1315 1799 40 841 303 830
1383 1315 105 44 1388 1104 1777 1526 219
1384 764 136 105 109 46 528 2995 1364 54
1385 96 354 1091 388 293 1347 199 107 235
1386 36 37 391 392 105 46 1103 145 530
1387 0 4 8 654 36 307 52 2118 1607 2120 329 1739 332 334
1388
1389 96 2557 1315 133 1318 104 681 334 442 1395 438
1390 36 2884 141 46
1391 1188 72 74 75 1258 80 830
1392 928 289 34 1217 36 2118 2504 42 109
1393 196 517 198 486 2281 460 2030 2578 727
1394 96 37 105 714 432 723 118
1395 96 354 1186 133 102 776 41 105 46
1396 130 868 134 560 376 1016
1397 96 46 52
1398 3041 1348 2504 202 368
1399 130 135 171 363 79 80 87
1400 163 388 293 391 1095 105
1401 708 102 136 105 107 46 111 55
1402 1408 98 132 1477 269 177 721 116
1403 1186 1156 134 171 365 1742 79 47
1404 353 1315 36 137 75 235 110 399 468 2070
1405 72 74 171 237
1406 391 392 105 429 110 46 1363
1407 96 992 738 1477 2342 1095 392 522 524 525 46
1408 3328 2436 617 1801 141 695
1409 3329 3330 3331 3332 133 102
1410 96 1857 98 130 1889 177 2548
1411 98 132 135 72 73
1412 67 1764 391 136 105 1255 46 1678 863
1413 96 131 133 3333 72 377 74 75 203 237
1414 353 2020 1416 235 2643 52 53 863 55
1415 388 3012 3334 3335 1130 1261 1389 47
1416 165 293 3336 3053 526 118 55
1417 96 833 102 1126 3337 3338 301 47 304 210
1418 3339 196
1419 992 393 210 52
1420 133 1551 20 286 34 36 37 293 40 54 956 452 1220 854
1421 672 1575 979 788
1422 1216 165 395 300 3340 398 3341 2736 210 1075 212
1423 131 72 74 861 77 237 957 3151 3342 117 87
1424 1570 74 79 80
1425 96 652 1040 52
1426 128 1570 2562 2054 1258 77 397
1427 96 1253 102 105 523 46 114
1428 164 36 2180 879 499 500 2325
1429 36 523 141
1430 1315 36 105 681
1431 102 3246 3343 304
1432 131 132 230 137 1789 79 80 81 919
1433 0 224 2882 933 934 935 937 1999
1434 0 2529 835 6 43 334 655 2256 209 337 276 3348
1435 1344 130 137 74 107 77 80 1200
1436 137 171 79 55 469
1437 98 130 376 135 363 78 79 206
1438 133 230 391 105 107 46 114 115 3349
1439 358 494 47 210
1440 96 131 3359 808 1322 107 3358 495 80 2484 3356
1441 738 102 906 109 47 210
1442 3360 66 72 87
1443 1057 3361 3362 3363 3364 141 2577
1444 3203 524 527 1046 2085 3365 3366 3367 3368 2474 3369 308 320 852
1445 96 34 3 902 7 42 109 944
1446 128 866 1570 196 165 102 197 1031 137 3370 459
1447 353 321 1605 38 2823 2950 2157 3373 3374
1448 128 1088 422 2406 2666 141 2063 1776 3375 3376 883
1449 929 34 42 1662 314 1554 211 756 1397
1450 159 3175 1546 2506 1004 1326 3377 1555 2645
1451 1429 2336 549 2098 3378 3379 3380 3381 3382 3384 3385 3386 3383 3387 3388
1452 36 774 359 2760 788 21 1236 1526
1453 608 36 2318
1454 135 137 1258 1324 77 206 80 117
1455 96 3392 36 1041
1456 3393 388 104 877
1457 66 98 130 1186 3394 135 73 2602 364
1458 899 132 2758 135 74 80 469
1459 3395
1460 354 36 388 105 297 109 1389 2254 52
1461 96 131 356 134 41 74 267 80
1462 388 104 106 876 110 111 2290
1463 928 165 3269 3397 3398 3399 362
1464 608 97 36 43
1465 3400 526 241 242 756
1466 161 163 484 296 3401 491 492 2412 2414 3086 3088
1467 129 3233 261 3238 3402 3403 3404 3405 3406
1468 32 72 267 2700 237 557
1469 3104 740 36 2414 145 2098 276
1470 132 389 104 137 74 233 842 2923 399 145 433
1471 96 522 3020 79 80 239 115 1278 118
1472 66 354 1923 1325 110
1473 96 74 43 302
1474 1416 105 1801 2512
1475 96 2877 46 976 115 52 119
1476 1347 104 681 13 275 277
1477 419 3299 511 719 3410 3411 3412 3413 3414
1478 289 34 36 40 1225 42 43 1673 45
1479 2273 387 772 137 696 1048
1480 196 36 198 486 519 939 3083 1617 727 3161
1481 3424 1153 171 302 55
1482 1825 3425 167 104 202 204 79
1483 928 3426 164 36 229 932 1222 395 306
1484 2147 133 134 137 267
1485 418 3427 3428 2565 70
1486 66 72 238 79
1487 96 480 1122 772 3430 46 1775 1392 305
1488 96 3431 77
1489 135 72 73 75 78 79 270
1490 3432
1491 35 154 3433 3434 720
1492 96 3435 3436 3437
1493 325 395 3438 3439
1494 224 297 3440 2066 883 3186 1493 1046 55
1495 131 133 105 2602 107 78 46 47 3441
1496 992 197 524 46 526 20 52
1497 96 385 770 1283 494
1498 96 134 171 364 79 80 560 118 87
1499 0 96 835 1315 199 8 1739 332 337
1500 928 36 133 1798 2632 624 2772 3349 1181
1501 1122 772 235 1868 301
1502 2434 36 165 1259 2028 45 46
1503 133 102 41 171 560 976
1504 353 105 107 267 109 46 114 1235 52
1505 96 133 102 105 267 78 46
1506 130 1186 80 372
1507 353 104 137 45 187 2226 20 1494 413 472 57
1508 2593 196 516 422 295 519 1545 3448 187 621
1509 131 132 1412 230 137 3449 237 110 22
1510 356 357 360 105 457 107 1517 46 1234 275 52 1079
1511 353 133 1542 74 235 78 1395 116 276
1512 96 135 78 79 87 185
1513 128 67 70 71 136 908 3084 3187
1514 387 36 2020 391 105 1545 523 109 46
1515 34 36 325 1189
1516 3456 3457 3458 3459 36 309 2492 60 1089 2246 1479 843 845 846 853
1517 1570 70 135 72 73 807 1623
1518 35 36 165 486 2531 3460 3461 2674 20 52 1236
1519 1986 197 102 1126 906 875 109
1520 608 36 362 141
1521 96 834 3462 75 43 493 47
1522 3463 72 237 238
1523 2627 708 1253 392 105 1389 46
1524 261 357 358 3464 361 3465 3244 80 1368
1525 109 46 527
1526 1091 2597 295 106
1527 1347 36 1349 166 3300 3466 3467
1528 961 100 964 746 3468
1529 163 1315 2341 230 297 1257 2252
1530 1664 481 354 36 1662 109
1531 1504 131 133 134 104 137 233
1532 96 832 130 133 72 74 75
1533 133 712 233 842
1534 2722 1352 617 3470 3471
1535 102 1127 136 2512 3472 3473 53
1536 2243 1386 3474 3475
1537 385 132 133 74 80 81 1918 3379
1538 196 3480 3174 462
1539 196 2884 40 1961 107 46 530
1540 2020 72 137 75 77 78 79 237 1359
1541 128 130 133 80
1542 96 293 295 391 1095 2601 107 46 878 528 114
1543 257 354 227 487 104 275 20
1544 1088 1091 516 3171 109 3352
1545 133 134 104 915
1546 608 1672 2031 20 22 1528 3484
1547 1115 427 209 242 210 1172 250 219
1548 171 239 81 116 55
1549 385 130 1889 2953 78 145 276
1550 1442 35 2340 197 1502 1031 40 1979 727 653 1327 52
1551 519 522 155 1308 3488 3489 163 46 314 957 70 582 844 1617
1552 128 389 199 136 105 361 107 776 1324 46 1583 242
1553 1409 2147 1413 105 137 171 364
1554 776 398 1297 802 3490 804 302 47 303 199 713 714 589
1555 2890
1556 1122 301 45 212 54 55
1557 354 523 46 2290 52 22
1558 449 418 707 164 676 2829 2030 2299 465
1559 96 801 1760 3491 137 841 1452 301 3217
1560 804 932 902 3492 873 2058 235 941
1561 704 289 1216 35 165 2694 3494
1562 131 2501 1448 239 433 821 22
1563 96 1889 98 130 261 135 74 267 1258 80
1564 1342 36 325 3495 1225 42 211
1565 512 615 519 617 3496 395 3497 2415 3375 1010 1586
1566 96 131 1414 72 3241 1258 1324 80 1200
1567 96 807 776 3498 1624 2289 119 120 601
1568 96 291 36 199 361 74 3499 941 1969 210
1569 2786 492 3501 3500
1570 1345 131 41 105 46 78
1571 128 513 104 297 2058 108 111 1712 1009 3186 3503
1572 96 770 708 295 137 361 107
1573 230 2054 74 75 237 80 373
1574 134 171 364 78 46 80 79 206
1575 96 131 102 105 171 267 1324 47 3505
1576 291 1030 1321 426 1449 2089 912 178
1577 128 1153 133 102
1578 2593 738 102 2184 105 681 235 523 715
1579 80 74
1580 224 164 4 871 456 2858 427 971 1262 47 305
1581 96 257 1058 650 271 1457 754 118 505
1582 96 131 808 137 1258 267 363 77 206 79
1583 265 2950
1584 96 34 37 293 391 392 105 107 46 2161 52
1585 704 289 928 1216 100 197 3494 1289 945
1586 131 135 77 206 79 919 117
1587 774 2890 715 2123 2194 147 1140
1588 1216 129 132 325 453 7 1029 2887 1388 272 209 735
1589 36 105 46 114 243
1590 133 105 1259 78 46 305 1589
1591 903 21 24 155 157 419 36 46 55 57 187 572 3517
1592 554 77 2064
1593 3520 109 1103 688 306
1594 1463 1186 171 267 363 79 560 118 87
1595 2048 3521 3522 1859 3523 3524 614 1543 2023
1596 223 3525 3526 3527 105 235 45 110 1469
1597 66 674 2566 232 73 74 75 399 81 951
1598 1140 147
1599 899 1955 1956 3428 807 136 3528 1322 3529
1600 96 2116 1126 3338 3530 3531 653 3532 2319
1601 96 66 131 72 137 74 237
1602 1092 295 266 78 46 47
1603 96 36 528 118 55
1604 96 385 36 293 356 388 1318 957 499 729
1605 130 73 1612 77 80
1606 131 358 1607 1324 1678 3536 87 253
1607 483 517 486 1005 1136 1585 3537 3538 3539 3540 2454
1608 102 906 715 878 1395 52
1609 674 1187 3543 3544 203 3545 919 3546 3542 183 184
1610 96 102 105 46 47 560 1523
1611 36 613 45 109 47 141 53 56
1612 128 1923 37 453 136 235 462 1555 118
1613 708 613 165
1614 96 133 135 75 79 80
1615 96 325 102 427 243 244 119
1616 372 2214
1617 3550 134 135 171 81 1233 87
1618 98 131 376 135 137 1325 81 723
1619 3072 1253 391 295 105 392 46
1620 2048 3552 66 354
1621 261 946 52 1595 2643 1240 3553 482 3554 356 3555 998 107 1131
1622 96 3556 3557 3558 472 40 104 3371 957 433
1623 26 3559 3560 105
1624 3561 2285 366 1198 270
1625 80 130
1626 130 131 132 78 79 80 372
1627 1184 3493 1127 392 3562 3563 3564 3565 3566 1135 944
1628 96 1122 2074 134 3569
1629 1218 392 105 878 1103 3441 3570 1140 53 1078
1630 130 102 871 902 427 941 302 303 657
1631 134 329 528 114 1397 118 55 863 858
1632 320 3575 4 5 678 1604 1608 971 1740 333 307 3571
1633 133 361 74 75 79
1634 96 131 134 104 267 47 433
1635 832 2434 133 1255 105 109 46
1636 163 1253 1797 391 1255 105 235
1637 223 36 104 105 235 46 110 52 53
1638 1890 135 73 41 75 366 80 371 373
1639 1697 74 3020 3577 206 79 270 1806 406
1640 227 293 765 187 557 500 438
1641 1095 712 105 2028 301 46 2719 305 114
1642 483 74 21
1643 228 1732 782 241 788 1140 3579
1644 832 66 675 292 3582 1580 1583 3580 442
1645 3584 1699 6 934 968 10 331 971 333 334 15
1646 96 1547 1388 653
1647 105 3585
1648 1057 34 98 2522 55
1649 608 98 473 110 78 47 184
1650 3586 3587 3588 3589
1651 3168 3170 3173 2984 3593 618 3594 44 1548 46 463
1652 66 131 132 230 72 267 237 1549 80 405
1653 135 1258 171 363 206 79 3598 434 115
1654 548 141 3599
1655 291 100 708 2949 111 3600 1586
1656 3601 3602
1657 163 2020 295 107 523 1103 112
1658 96 1412 72 171 237
1659 1986 3607 2469 1126 906 1130 2797 210 1012
1660 2499 241 242
1661 3608 3609
1662 393 394 241 1490
1663 3426 676 677 939 940 2287 306 3032
1664 2120 523 3084 46 3069 2905
1665 135 1258 363 76 206 79 434 184 185
1666 608 35 2216 141 462 752 147
1667 1604 1254 871 1606 2567 971 973 2543 114 1523
1668 96
1669 3617 3618 3619 1124 3620 3621
1670 241
1671 897 132 484 2279
1672 128 385 674 135 2311 41 74 75 3624 45 3625
1673 1153 2338 772 776 47 437 118
1674 96 133 357 135 74 77
1675 512 2593 2467 196 519 1528 3626 460 844 1136 1010 2706
1676 2662 551 104 776 235 2476 334
1677 388 1030 528 35 36 37 3627 3628 2605 46 442 572 96
1678 419 36 1477 42 522 1389 111
1679 135 1258 47
1680 1411 133 74 1293 1294
1681 2785 2276 3639 551 3631 3632 3633 3634 3635
1682 617 1545 1677 2065 2353 883
1683 928 353 865 1923 196 197 3398 1136 1010
1684 1217 450 36 1225 42 3180 655 947
1685 96 738 196 998 53 119 1528
1686 608 36 141 1140
1687 70 2289 119 2073
1688 577 1873 1236 119
1689 608 3201 3553 2371 1988
1690 128 255 2311 3624 41 74 75 77 45 3647
1691 133 74 77 81 1202
1692 356 197 165 199 358 776 1098 1503 208 989 2013 212
1693 128 2689 376 102 70
1694 2336 3648 66 134 74 363 238 79 435 1143 2485
1695 673 133 134 107
1696 257 3649 1677 882 883 277 22
1697
1698 288 131 132 133 389 137 74 237 399
1699 608 159 3650 45 1807 3282
1700 1091 3651 3652 1128 297 1003 108 878 1650
1701 96 133 134 40 109 302 47 560 915
1702 32 161 1333 3517 196 3653 3654 3655 3656 3657 3658 727 729
1703 41 74 45 80 52
1704 96 385 132 134 1255 79 47 114 52 116
1705 353 131 104 137 361 1324 1325 957 1487 2065
1706 1183 388 1253 391 392 105 1416 46
1707 1893 70 3659 3660 1623
1708 36 1126 774 3661 782 2063 3279
1709 132 516 295 3151 275 1235
1710 1258 77 3663 1202
1711 352 608 1091 102 141 47 2586 55
1712 391 392 105 1386 107 46 1103 112 528 3664
1713 133 102 42 267 652 47 431
1714 96 1888 98 1410 376 3142 263 714 171
1715 3298 163 100 708 518 235 2795 46 1103
1716 1798 1288 42 1836 45 3665 211 3261 2998
1717 96 802 35 1033 1324 110 3666 118
1718 199 776 302 47 303 494 659
1719 2498 131 483 230 231 1416 1257 2985 2353 3667
1720 2360 1091 645 3434 623 145 625 3668
1721 36 332 2892 378 879 498 307
1722 3672 564
1723 196 136 2161 20
1724 1089 164 36 933 680 941 887 3673
1725 2382 563
1726 96 738 802 43 301 80 210
1727 2434 105 1260 109 46 467 52 1461 918
1728 96 897 194 36 171 267 1259
1729 163 1128 105 906 3678 878
1730 3680 1901
1731 2401 3682 391 1255 105 78 305
1732 2498 3683 3684 485 3685 487 3686 3687 685
1733 288 36 7 3688 3689 655 240
1734 66 1315 72 1448 492 399 145 433 2835
1735 439 34 131 196 1122 210 55
1736 2696 171 55 118
1737 391 392 105 3690 107 3691 46 1103
1738 1218 134 1545 171 235 109 858
1739 2469 102 1255 1128 44 3692 878 111 1168
1740 105 1545 1259 46 1231 2992 114 467 2643
1741 96 70 136 808 1448 77 46 80
1742 1248 235 876 3693 3694 154
1743 296 442
1744 128 102 232 906 3695 979 980
1745 257 3365 235 3696 2065 3697 307
1746 171 267 364 79 47 437 1814
1747 832 136 377 1228 77
1748 3298 107 1003 2385 3699 3700 3353
1749 673 66 98 131 102 72 232 377 87 184
1750 1095 105 2638 3186
1751 196 74 1612 1202 3701 22 87 3702
1752 102 105 47 210 52
1753 96 771 806 1254 241
1754 128 515 510 136 426 791 2028 3704 54 790 376
1755 827 106 940 3707
1756 34 195 196 483 486 3709 200 939 1100 52 727
1757 385 66 446 74 75 334
1758 105 953
1759 3712 513 3235 196 519 967 3710 462 2030 275 2579
1760 3713 3714 35 36 293 3597 1720 1583 624 50 629
1761 33 35 3715 197 104 105 456 1416 109
1762 834 3716 805
1763 98 137 74 1324 276 22
1764 96 1218 389 3717 3718 232 2058 459 45 141
1765 32 353 355 1859 1190 1545 2730 2604
1766 192 827 36 197 3719 956 107 459 401 1426 438
1767 66 130 131 136 74 202 109
1768 96 802 580 776 42 243
1769 97 34 36 740 836 242
1770 993 228 36 998 2340 2856 44 654
1771 923 1051 202 363 204 80 2160
1772 3720 3721 3722 3723 1036
1773 515 422 1513 426 3498 3725 1011 3191 601
1774 795 769 418 67 1092 965 422 1482 109 3726 3727 3728
1775 864 109 941 16 1650 54
1776 770 165 1126 104 235 3407 2065 2193 3729 3730 3731
1777 1542 231 1257 106 107 1385 3245 46
1778 96 998 776 3735 235 1869 210 52
1779 128 418 1956 358 366 590 1711 594 3736
1780 608 36 102 141 52 53
1781 102 105 46 52 1589 118 3156
1782 3740 163 1315 870 105 527 1972 2073
1783 128 2311 80 1624
1784 325 241 242 1523 213
1785 224 3681 2826 971 460 1338 1646 1455 2674 1237 438
1786 96 385 1315 1604 2820 78
1787 2969 155 3742 3743 3744 3745 3746 3747 3748 3749 3750 3751 3752
1788 1304 2594 196 517 198 486 967 460 2452 2453 727
1789 3073 358 102 2152 3754 395 2736
1790 96 1446 391 105 46
1791 163 36 105 106 233 361 1257 46 110
1792 96 1253 295 105 1389 46 1615 528
1793 353 483 389 839 3755 45 46 399 1197
1794 165 391 105 107 46 462 1039
1795 257 109 879 1105 498
1796 34 578 36 803 2089 42 3756 16 209 210 531
1797 483 3757 3758 3759 22
1798 356 231 360 105 361 107
1799 832 1153 98 1412 135 72 137 75 267
1800 353 1122 134 3145 236 493 3533 1775 2162
1801 104 136 137 765 524 1324 46 111
1802 98 72 137 74 377 79 80 3761 373
1803 96 2696 560 3762 52 756
1804 135 267 363 3213 206 78 434 3763 374
1805 1092 293 1541 109 112 1104 2353 3764
1806 2946 36 3767 109 275 3769 3765 3766
1807 1122 137 75 267 1868 78 3533 3506 55
1808 3772 517 198 2856 460 1328 474 1968 1236 2068 22 727
1809 481 34 133 231 40 457 107 652 209 1234
1810 3713 35 644 165 70 1671 632 844 462 622 2476
1811 72 74 1258 1324 80 916 919 1144
1812 3776 223 165 105 235 109 111 2065 22
1813 923 133 105 137 1258 1324 78 22
1814 354 1858 388 105 107 46 2478
1815 3777 3778 516 453
1816 1057 290 2531 3779 3780 166 1351 3781 20
1817 132 135 72 73 74 1258 77
1818 74 399 80
1819 354 356 37 133 1092 2020 41 74 1783
1820 131 133 230 137 237 110 1651 1556 55 184
1821 96 352 2401 772 302 47 304
1822 97 1122 36 1401 1263 756
1823 1024 611 102 776 713 3016 302 305 53 920 280
1824 3008 1114 3782 104 143 51 1494
1825 36 708 3783 105 250 46
1826 4 6 13 15 1551 285 545 1442 1315 1699 555 441 446 3784
1827 3041 483 196 1347 200 3785 893 735 883 20 277
1828 1952 66 1798 3786 3787 2060 3788 2094 879 1616 3789
1829 197 165 617 48 3793 3794 883
1830 867 36 2665 2379 590 499 3796
1831 96 655 1167 1745 242 245 726
1832 377 1258 76 206 79 374 3799
1833 1315 100 4 934 8 2158 3470 273 498 116
1834 1760 2976 931 2787 3804 2279 3805 1161 555 1036 1743
1835 192 738 102 1126 235 110 78 1015 1171
1836 770 1156 261 526 276 404 3359 673 40 957 192 80 87 91
1837 418 301 77 3569 22
1838 803 324 1290 655 1554 211 1682
1839 3808 1857 66 98 135 73 1452 77 237 79 1549
1840 832 3809 292 133 165 389 41 105 1580 45 2028 48
1841 96 802 3810 388 293 772 1092 137
1842 96 98 99 130 101 131 3811 1421 79 80
1843 0 655 1427 3228 545 1315 441 444 334 2255 2256 2005 857 1115
1844 1446 3815 776 3816 3817 3818 589 1869 212
1845 132 3217 406 1047 539 798 167 2485 951 55 1919 66 98
1846 832 1538 1315 235 3819 46 47 114 754 1556 118
1847 96 1156 134 102 1261 3569 210
1848 66 132 552 74 204 365 3820
1849 98 263 2696 270 79 3822
1850 132 133 237 910 975 3823
1851 1315 134 46 47 1015 1395 1461
1852 1315 36 446 1092 47 754
1853 2976 325 774 1798 40 522 3313 188 52
1854 900 377 809 78 270 3824 305 115 1556
1855 257 227 196 485 1476 487 3630 3825 1618 275 22
1856 712 106 2058 45 495 1393 55
1857 1540 2661 141 271 275 499
1858 1183 391 392 105
1859 516 295 1095 523 107 2927
1860 96 66 135 1258 47 81
1861 73 1612 77 46 141 1232 81
1862 225 3201 228 677 1444 1992 654 944
1863 1955 1956 3428 358 998 3528 1322 590 366
1864 388 391 105 109 45 46 878
1865 2429 1947
1866 832 1441 2210 133 3831 980 3828 3829
1867 3714 644 3834 1291 3832 3833 632 1721
1868 224 1536 354 1664 36 197 388 1891 3040 109 1103
1869 1347 36 293 356 388 708 105 1092 107 46 1328
1870 3840 509 3841 519 1034 908 2617 196 844 727 100 486 1513 3837
1871 1216 1 289 3 2532 741 1029 1990 1991 1289 1641
